D Matrix:
[ [0,171,367,366,525,542,668,488,504,631,256,inf,208,368,914,142,643,363,309,600,495,264,inf,580,535,578,816,251,473,inf,149,804,698,493,inf,598,906,463,690,inf,645,338,506,473,443,242,240,191,445,602,520,423],
[171,0,294,537,696,517,799,659,675,734,231,inf,379,519,1085,313,618,353,480,703,564,416,inf,751,510,647,987,422,482,inf,76,975,869,664,inf,667,1077,634,759,inf,816,509,609,542,418,311,411,166,616,733,691,492],
[367,294,0,663,604,811,980,800,651,484,525,inf,407,332,1226,509,912,166,621,516,858,228,inf,892,804,899,1128,563,219,inf,218,1106,1010,805,inf,961,1208,760,1032,inf,957,650,422,794,712,605,526,460,757,914,822,786],
[366,537,663,0,318,714,425,245,229,618,532,inf,256,457,570,282,814,534,173,569,490,435,inf,257,558,359,472,115,644,inf,515,443,375,170,inf,448,545,97,477,inf,372,67,493,261,650,417,137,467,122,359,159,418],
[525,696,604,318,0,1007,718,538,89,342,781,inf,317,272,772,540,1107,438,444,251,783,376,inf,496,851,652,674,386,436,inf,674,645,614,463,inf,741,747,299,770,inf,665,385,217,579,943,688,353,716,415,652,361,711],
[542,517,811,714,1007,0,596,582,918,1173,286,inf,750,910,1117,563,101,870,563,1142,274,806,inf,783,156,468,1019,621,999,inf,593,1044,901,666,inf,438,1146,780,530,inf,703,647,1048,453,99,410,692,351,664,531,760,296],
[668,799,980,425,718,596,0,180,629,1018,607,inf,607,808,653,584,696,851,418,969,322,752,inf,381,440,152,555,417,961,inf,817,650,313,266,inf,158,703,419,119,inf,107,377,893,257,532,488,488,633,303,66,399,324],
[488,659,800,245,538,582,180,0,449,838,524,inf,427,628,535,404,682,671,238,789,358,572,inf,201,426,114,437,237,781,inf,637,472,319,86,inf,203,574,239,232,inf,157,197,713,141,518,372,308,517,123,114,219,286],
[504,675,651,229,89,918,629,449,0,389,701,inf,325,319,683,451,1018,485,355,340,694,423,inf,407,762,563,585,297,483,inf,653,556,525,374,inf,652,658,210,681,inf,576,296,264,490,854,599,264,636,326,563,272,622],
[631,734,484,618,342,1173,1018,838,389,0,887,inf,464,263,1072,708,1274,381,712,219,1051,367,inf,796,1119,952,974,654,265,inf,659,945,914,763,inf,1041,1047,599,1070,inf,965,685,125,879,1074,861,583,822,715,952,661,979],
[256,231,525,532,781,286,607,524,701,887,0,inf,464,624,1059,285,387,584,396,856,355,520,inf,725,279,455,961,417,713,inf,307,970,843,596,inf,458,1072,629,550,inf,681,504,762,383,187,152,437,65,594,541,686,283],
[inf,inf,inf,inf,inf,inf,inf,inf,inf,inf,inf,0,inf,inf,inf,inf,inf,inf,inf,inf,inf,inf,inf,inf,inf,inf,inf,inf,inf,inf,inf,inf,inf,inf,inf,inf,inf,inf,inf,inf,inf,inf,inf,inf,inf,inf,inf,inf,inf,inf,inf,inf],
[208,379,407,256,317,750,607,427,325,464,464,inf,0,201,826,244,851,278,248,433,587,179,inf,513,655,526,728,190,388,inf,357,699,631,426,inf,615,801,353,659,inf,584,277,339,421,651,397,119,399,378,541,415,515],
[368,519,332,457,272,910,808,628,319,263,624,inf,201,0,1002,445,1011,166,449,232,788,104,inf,714,856,727,904,391,187,inf,444,875,832,627,inf,816,977,529,860,inf,785,478,138,622,811,598,320,559,579,742,591,716],
[914,1085,1226,570,772,1117,653,535,683,1072,1059,inf,826,1002,0,830,1217,1097,721,1023,893,998,inf,334,961,649,98,663,1166,inf,1063,175,340,464,inf,738,121,473,767,inf,546,581,947,676,1053,907,707,1015,469,649,411,821],
[142,313,509,282,540,563,584,404,451,708,285,inf,244,445,830,0,664,505,186,677,406,406,inf,496,472,464,732,167,615,inf,291,720,614,409,inf,509,822,379,601,inf,561,254,583,359,464,153,187,220,361,518,436,334],
[643,618,912,814,1107,101,696,682,1018,1274,387,inf,851,1011,1217,664,0,971,663,1243,374,907,inf,883,256,568,1119,721,1100,inf,694,1144,1001,766,inf,538,1246,880,630,inf,803,747,1149,553,200,511,792,452,764,631,860,396],
[363,353,166,534,438,870,851,671,485,381,584,inf,278,166,1097,505,971,0,492,350,831,99,inf,763,863,770,999,434,129,inf,278,977,881,676,inf,859,1079,631,903,inf,828,521,256,665,771,605,397,519,628,785,693,759],
[309,480,621,173,444,563,418,238,355,712,396,inf,248,449,721,186,663,492,0,681,339,393,inf,387,407,278,623,58,602,inf,458,611,505,300,inf,367,713,270,447,inf,395,145,587,173,499,244,129,389,252,352,327,267],
[600,703,516,569,251,1142,969,789,340,219,856,inf,433,232,1023,677,1243,350,681,0,1020,336,inf,747,1088,903,925,623,313,inf,628,896,865,714,inf,992,998,550,1021,inf,916,636,94,830,1043,830,552,791,666,903,612,948],
[495,564,858,490,783,274,322,358,694,1051,355,inf,587,788,893,406,374,831,339,1020,0,732,inf,559,118,244,795,397,941,inf,640,820,635,442,inf,164,922,556,256,inf,429,423,926,229,210,253,468,398,440,257,536,72],
[264,416,228,435,376,806,752,572,423,367,520,inf,179,104,998,406,907,99,393,336,732,0,inf,664,799,671,900,335,209,inf,340,878,782,577,inf,760,980,532,804,inf,729,422,242,566,707,506,298,455,529,686,594,660],
[inf,inf,inf,inf,inf,inf,inf,inf,inf,inf,inf,inf,inf,inf,inf,inf,inf,inf,inf,inf,inf,inf,0,inf,inf,inf,inf,inf,inf,inf,inf,inf,inf,inf,inf,inf,inf,inf,inf,inf,inf,inf,inf,inf,inf,inf,inf,inf,inf,inf,inf,inf],
[580,751,892,257,496,783,381,201,407,796,725,inf,513,714,334,496,883,763,387,747,559,664,inf,0,627,315,236,329,873,inf,729,271,118,130,inf,404,373,197,433,inf,294,247,671,342,719,573,394,681,135,315,135,487],
[535,510,804,558,851,156,440,426,762,1119,279,inf,655,856,961,472,256,863,407,1088,118,799,inf,627,0,312,863,465,992,inf,586,888,745,510,inf,282,990,624,374,inf,547,491,994,297,92,319,536,344,508,375,604,140],
[578,647,899,359,652,468,152,114,563,952,455,inf,526,727,649,464,568,770,278,903,244,671,inf,315,312,0,551,336,880,inf,723,586,433,200,inf,89,688,353,169,inf,259,299,827,105,404,336,407,481,237,86,333,172],
[816,987,1128,472,674,1019,555,437,585,974,961,inf,728,904,98,732,1119,999,623,925,795,900,inf,236,863,551,0,565,1068,inf,965,95,242,366,inf,640,148,375,669,inf,448,483,849,578,955,809,609,917,371,551,313,723],
[251,422,563,115,386,621,417,237,297,654,417,inf,190,391,663,167,721,434,58,623,397,335,inf,329,465,336,565,0,544,inf,400,553,447,242,inf,425,655,212,469,inf,394,87,529,231,557,302,71,352,194,351,269,325],
[473,482,219,644,436,999,961,781,483,265,713,inf,388,187,1166,615,1100,129,602,313,941,209,inf,873,992,880,1068,544,0,inf,407,1039,991,786,inf,969,1141,693,1013,inf,938,631,219,775,900,715,507,648,738,895,755,869],
[inf,inf,inf,inf,inf,inf,inf,inf,inf,inf,inf,inf,inf,inf,inf,inf,inf,inf,inf,inf,inf,inf,inf,inf,inf,inf,inf,inf,inf,0,inf,inf,inf,inf,inf,inf,inf,inf,inf,inf,inf,inf,inf,inf,inf,inf,inf,inf,inf,inf,inf,inf],
[149,76,218,515,674,593,817,637,653,659,307,inf,357,444,1063,291,694,278,458,628,640,340,inf,729,586,723,965,400,407,inf,0,953,847,642,inf,743,1055,612,835,inf,794,487,534,618,494,387,389,242,594,751,669,568],
[804,975,1106,443,645,1044,650,472,556,945,970,inf,699,875,175,720,1144,977,611,896,820,878,inf,271,888,586,95,553,1039,inf,953,0,337,401,inf,675,102,346,704,inf,543,466,820,591,980,822,580,905,380,586,284,748],
[698,869,1010,375,614,901,313,319,525,914,843,inf,631,832,340,614,1001,881,505,865,635,782,inf,118,745,433,242,447,991,inf,847,337,0,248,inf,471,390,315,432,inf,206,365,789,460,837,691,512,799,253,379,253,605],
[493,664,805,170,463,666,266,86,374,763,596,inf,426,627,464,409,766,676,300,714,442,577,inf,130,510,200,366,242,786,inf,642,401,248,0,inf,289,503,164,318,inf,202,160,638,213,602,444,307,589,48,200,143,370],
[inf,inf,inf,inf,inf,inf,inf,inf,inf,inf,inf,inf,inf,inf,inf,inf,inf,inf,inf,inf,inf,inf,inf,inf,inf,inf,inf,inf,inf,inf,inf,inf,inf,inf,0,inf,inf,inf,inf,inf,inf,inf,inf,inf,inf,inf,inf,inf,inf,inf,inf,inf],
[598,667,961,448,741,438,158,203,652,1041,458,inf,615,816,738,509,538,859,367,992,164,760,inf,404,282,89,640,425,969,inf,743,675,471,289,inf,0,777,442,92,inf,265,388,916,194,374,356,496,501,326,93,422,175],
[906,1077,1208,545,747,1146,703,574,658,1047,1072,inf,801,977,121,822,1246,1079,713,998,922,980,inf,373,990,688,148,655,1141,inf,1055,102,390,503,inf,777,0,448,806,inf,596,568,922,693,1082,924,682,1007,482,688,386,850],
[463,634,760,97,299,780,419,239,210,599,629,inf,353,529,473,379,880,631,270,550,556,532,inf,197,624,353,375,212,693,inf,612,346,315,164,inf,442,448,0,471,inf,366,164,474,327,716,514,234,564,116,353,62,484],
[690,759,1032,477,770,530,119,232,681,1070,550,inf,659,860,767,601,630,903,447,1021,256,804,inf,433,374,169,669,469,1013,inf,835,704,432,318,inf,92,806,471,0,inf,226,429,945,274,466,448,540,593,355,118,451,267],
[inf,inf,inf,inf,inf,inf,inf,inf,inf,inf,inf,inf,inf,inf,inf,inf,inf,inf,inf,inf,inf,inf,inf,inf,inf,inf,inf,inf,inf,inf,inf,inf,inf,inf,inf,inf,inf,inf,inf,0,inf,inf,inf,inf,inf,inf,inf,inf,inf,inf,inf,inf],
[645,816,957,372,665,703,107,157,576,965,681,inf,584,785,546,561,803,828,395,916,429,729,inf,294,547,259,448,394,938,inf,794,543,206,202,inf,265,596,366,226,inf,0,354,840,298,639,529,465,674,250,173,345,431],
[338,509,650,67,385,647,377,197,296,685,504,inf,277,478,581,254,747,521,145,636,423,422,inf,247,491,299,483,87,631,inf,487,466,365,160,inf,388,568,164,429,inf,354,0,560,194,583,389,158,439,112,311,182,351],
[506,609,422,493,217,1048,893,713,264,125,762,inf,339,138,947,583,1149,256,587,94,926,242,inf,671,994,827,849,529,219,inf,534,820,789,638,inf,916,922,474,945,inf,840,560,0,754,949,736,458,697,590,827,536,854],
[473,542,794,261,579,453,257,141,490,879,383,inf,421,622,676,359,553,665,173,830,229,566,inf,342,297,105,578,231,775,inf,618,591,460,213,inf,194,693,327,274,inf,298,194,754,0,389,231,302,376,211,191,307,157],
[443,418,712,650,943,99,532,518,854,1074,187,inf,651,811,1053,464,200,771,499,1043,210,707,inf,719,92,404,955,557,900,inf,494,980,837,602,inf,374,1082,716,466,inf,639,583,949,389,0,311,624,252,600,467,696,232],
[242,311,605,417,688,410,488,372,599,861,152,inf,397,598,907,153,511,605,244,830,253,506,inf,573,319,336,809,302,715,inf,387,822,691,444,inf,356,924,514,448,inf,529,389,736,231,311,0,340,145,442,422,538,181],
[240,411,526,137,353,692,488,308,264,583,437,inf,119,320,707,187,792,397,129,552,468,298,inf,394,536,407,609,71,507,inf,389,580,512,307,inf,496,682,234,540,inf,465,158,458,302,624,340,0,372,259,422,296,396],
[191,166,460,467,716,351,633,517,636,822,65,inf,399,559,1015,220,452,519,389,791,398,455,inf,681,344,481,917,352,648,inf,242,905,799,589,inf,501,1007,564,593,inf,674,439,697,376,252,145,372,0,546,567,621,326],
[445,616,757,122,415,664,303,123,326,715,594,inf,378,579,469,361,764,628,252,666,440,529,inf,135,508,237,371,194,738,inf,594,380,253,48,inf,326,482,116,355,inf,250,112,590,211,600,442,259,546,0,237,96,368],
[602,733,914,359,652,531,66,114,563,952,541,inf,541,742,649,518,631,785,352,903,257,686,inf,315,375,86,551,351,895,inf,751,586,379,200,inf,93,688,353,118,inf,173,311,827,191,467,422,422,567,237,0,333,258],
[520,691,822,159,361,760,399,219,272,661,686,inf,415,591,411,436,860,693,327,612,536,594,inf,135,604,333,313,269,755,inf,669,284,253,143,inf,422,386,62,451,inf,345,182,536,307,696,538,296,621,96,333,0,464],
[423,492,786,418,711,296,324,286,622,979,283,inf,515,716,821,334,396,759,267,948,72,660,inf,487,140,172,723,325,869,inf,568,748,605,370,inf,175,850,484,267,inf,431,351,854,157,232,181,396,326,368,258,464,0] ]
I Matrix:
[ [-1,-1,30,27,12,47,49,27,46,42,47,-1,-1,21,48,-1,47,21,27,42,51,-1,-1,48,47,45,48,-1,21,-1,-1,50,48,48,-1,51,50,27,51,-1,27,27,21,45,47,-1,-1,-1,27,27,41,45],
[-1,-1,-1,27,12,47,49,27,46,42,47,-1,0,17,48,0,47,-1,27,42,51,30,-1,48,47,47,48,0,17,-1,-1,50,48,48,-1,51,50,27,51,-1,27,27,17,47,47,47,0,-1,27,47,41,47],
[30,-1,-1,46,17,47,49,27,17,28,47,-1,21,17,48,30,47,-1,27,42,51,-1,-1,48,47,43,48,21,-1,-1,-1,50,48,48,-1,51,50,46,49,-1,27,27,17,27,47,47,21,1,27,27,46,47],
[27,27,46,-1,8,51,49,48,-1,42,47,-1,46,46,50,27,51,46,27,8,51,46,-1,48,51,48,50,-1,46,-1,27,50,48,48,-1,48,50,-1,49,-1,48,-1,8,41,51,27,-1,27,-1,48,37,43],
[12,12,17,8,-1,51,49,48,-1,42,47,-1,-1,-1,50,46,51,13,27,-1,51,13,-1,50,51,48,50,8,42,-1,12,50,50,48,-1,48,50,8,49,-1,48,8,-1,41,51,27,8,12,37,48,37,27],
[47,47,47,51,51,-1,35,51,51,47,44,-1,47,47,51,45,-1,47,51,47,24,47,-1,51,-1,51,51,51,47,-1,47,51,51,51,-1,24,51,51,35,-1,35,51,47,51,-1,44,51,44,51,35,51,24],
[49,49,49,49,49,35,-1,49,49,49,51,-1,49,49,40,49,35,49,49,49,35,49,-1,49,35,49,40,49,49,-1,49,40,40,49,-1,-1,40,49,-1,-1,-1,49,49,49,35,49,49,49,49,-1,49,49],
[27,27,27,48,48,51,49,-1,48,48,45,-1,27,27,26,27,51,27,-1,48,25,27,-1,-1,51,-1,23,-1,27,-1,27,23,23,-1,-1,25,31,48,49,-1,-1,-1,48,-1,51,43,27,45,-1,-1,48,25],
[46,46,17,-1,-1,51,49,48,-1,42,47,-1,-1,-1,50,46,51,13,27,4,51,13,-1,50,51,48,50,-1,42,-1,46,50,50,48,-1,48,50,-1,49,-1,48,3,-1,41,51,27,-1,46,37,48,37,27],
[42,42,28,42,42,47,49,48,42,-1,47,-1,42,42,50,42,47,42,42,-1,51,42,-1,50,51,48,50,42,-1,-1,42,50,50,48,-1,48,50,42,49,-1,48,42,-1,42,47,42,42,42,42,48,42,42],
[47,47,47,47,47,44,51,45,47,47,-1,-1,47,47,45,47,44,47,45,47,51,47,-1,45,44,51,45,47,47,-1,47,50,45,45,-1,51,50,47,51,-1,45,47,47,45,-1,-1,47,-1,45,51,47,-1],
[-1,-1,-1,-1,-1,-1,-1,-1,-1,-1,-1,-1,-1,-1,-1,-1,-1,-1,-1,-1,-1,-1,-1,-1,-1,-1,-1,-1,-1,-1,-1,-1,-1,-1,-1,-1,-1,-1,-1,-1,-1,-1,-1,-1,-1,-1,-1,-1,-1,-1,-1,-1],
[-1,0,21,46,-1,47,49,27,-1,42,47,-1,-1,-1,50,-1,47,21,27,42,51,-1,-1,48,51,43,50,-1,13,-1,0,50,48,48,-1,43,50,46,49,-1,27,27,13,27,47,15,-1,0,46,27,46,27],
[21,17,17,46,-1,47,49,27,-1,42,47,-1,-1,-1,50,12,47,-1,27,42,51,-1,-1,48,51,43,50,12,-1,-1,17,50,48,48,-1,43,50,8,49,-1,27,27,-1,27,47,15,12,21,46,27,37,27],
[48,48,48,50,50,51,40,26,50,50,45,-1,50,50,-1,48,51,48,48,50,26,48,-1,26,51,26,-1,48,50,-1,48,-1,-1,26,-1,26,-1,50,49,-1,32,48,50,26,51,43,50,48,26,26,26,26],
[-1,0,30,27,46,45,49,27,46,42,47,-1,-1,12,48,-1,45,21,-1,42,51,0,-1,48,45,43,48,-1,21,-1,0,50,48,48,-1,51,50,27,51,-1,27,27,13,18,45,-1,-1,-1,27,27,41,45],
[47,47,47,51,51,-1,35,51,51,47,44,-1,47,47,51,45,-1,47,51,47,24,47,-1,51,-1,51,51,51,47,-1,47,51,51,51,-1,-1,51,51,35,-1,35,51,47,51,5,44,51,44,51,35,51,24],
[21,-1,-1,46,13,47,49,27,13,42,47,-1,21,-1,48,21,47,-1,27,42,51,-1,-1,48,47,43,48,21,-1,-1,-1,50,48,48,-1,43,50,46,49,-1,27,27,-1,27,47,21,21,1,27,27,46,27],
[27,27,27,27,27,51,49,-1,27,42,45,-1,27,27,48,-1,51,27,-1,42,51,27,-1,48,51,43,48,-1,27,-1,27,50,48,48,-1,43,50,27,43,-1,7,-1,27,-1,51,-1,-1,45,27,7,41,-1],
[42,42,42,8,-1,47,49,48,4,-1,47,-1,42,42,50,42,47,42,42,-1,51,42,-1,50,51,48,50,42,42,-1,42,50,50,48,-1,48,50,8,49,-1,48,8,-1,41,47,42,42,42,37,48,37,42],
[51,51,51,51,51,24,35,25,51,51,51,-1,51,51,26,51,24,51,51,51,-1,51,-1,25,-1,-1,25,51,51,-1,51,51,40,51,-1,-1,51,51,35,-1,35,51,51,51,24,51,51,51,51,35,51,-1],
[-1,30,-1,46,13,47,49,27,13,42,47,-1,-1,-1,48,0,47,-1,27,42,51,-1,-1,48,47,43,48,-1,-1,-1,-1,50,48,48,-1,43,50,46,49,-1,27,27,13,27,47,0,12,0,27,27,46,27],
[-1,-1,-1,-1,-1,-1,-1,-1,-1,-1,-1,-1,-1,-1,-1,-1,-1,-1,-1,-1,-1,-1,-1,-1,-1,-1,-1,-1,-1,-1,-1,-1,-1,-1,-1,-1,-1,-1,-1,-1,-1,-1,-1,-1,-1,-1,-1,-1,-1,-1,-1,-1],
[48,48,48,48,50,51,49,-1,50,50,45,-1,48,48,26,48,51,48,48,50,25,48,-1,-1,51,7,-1,48,48,-1,48,-1,-1,-1,-1,25,31,50,49,-1,-1,48,50,7,51,43,48,48,-1,7,-1,25],
[47,47,47,51,51,-1,35,51,51,51,44,-1,51,51,51,45,-1,47,51,51,-1,47,-1,51,-1,51,51,51,47,-1,47,51,51,51,-1,20,51,51,35,-1,35,51,51,51,-1,-1,51,44,51,35,51,-1],
[45,47,43,48,48,51,49,-1,48,48,51,-1,43,43,26,43,51,43,43,48,-1,43,-1,7,51,-1,23,43,43,-1,47,23,23,7,-1,-1,31,48,-1,-1,49,43,48,-1,51,43,43,45,7,-1,48,-1],
[48,48,48,50,50,51,40,23,50,50,45,-1,50,50,-1,48,51,48,48,50,25,48,-1,-1,51,23,-1,48,50,-1,48,-1,-1,23,-1,25,-1,50,49,-1,32,48,50,23,51,43,50,48,23,23,-1,25],
[-1,0,21,-1,8,51,49,-1,-1,42,47,-1,-1,12,48,-1,51,21,-1,42,51,-1,-1,48,51,43,48,-1,21,-1,0,50,48,48,-1,43,50,3,49,-1,7,-1,13,-1,51,18,-1,-1,-1,7,41,18],
[21,17,-1,46,42,47,49,27,42,-1,47,-1,13,-1,50,21,47,-1,27,42,51,-1,-1,48,47,43,50,21,-1,-1,17,50,48,48,-1,43,50,42,49,-1,27,27,-1,27,47,21,13,17,27,27,42,27],
[-1,-1,-1,-1,-1,-1,-1,-1,-1,-1,-1,-1,-1,-1,-1,-1,-1,-1,-1,-1,-1,-1,-1,-1,-1,-1,-1,-1,-1,-1,-1,-1,-1,-1,-1,-1,-1,-1,-1,-1,-1,-1,-1,-1,-1,-1,-1,-1,-1,-1,-1,-1],
[-1,-1,-1,27,12,47,49,27,46,42,47,-1,0,17,48,0,47,-1,27,42,51,-1,-1,48,47,47,48,0,17,-1,-1,50,48,48,-1,51,50,27,51,-1,27,27,17,47,47,47,0,1,27,27,41,47],
[50,50,50,50,50,51,40,23,50,50,50,-1,50,50,-1,50,51,50,50,50,51,50,-1,-1,51,23,-1,50,50,-1,50,-1,26,23,-1,25,-1,50,49,-1,32,50,50,50,51,50,50,50,50,23,-1,50],
[48,48,48,48,50,51,40,23,50,50,45,-1,48,48,-1,48,51,48,48,50,40,48,-1,-1,51,23,-1,48,48,-1,48,26,-1,23,-1,40,26,50,40,-1,-1,48,50,23,51,43,48,48,23,40,23,25],
[48,48,48,48,48,51,49,-1,48,48,45,-1,48,48,26,48,51,48,48,48,51,48,-1,-1,51,7,23,48,48,-1,48,23,23,-1,-1,25,31,48,49,-1,-1,48,48,-1,51,43,48,45,-1,7,-1,43],
[-1,-1,-1,-1,-1,-1,-1,-1,-1,-1,-1,-1,-1,-1,-1,-1,-1,-1,-1,-1,-1,-1,-1,-1,-1,-1,-1,-1,-1,-1,-1,-1,-1,-1,-1,-1,-1,-1,-1,-1,-1,-1,-1,-1,-1,-1,-1,-1,-1,-1,-1,-1],
[51,51,51,48,48,24,-1,25,48,48,51,-1,43,43,26,51,-1,43,43,48,-1,43,-1,25,20,-1,25,43,43,-1,51,25,40,25,-1,-1,31,48,-1,-1,6,43,48,25,24,51,43,51,25,-1,48,-1],
[50,50,50,50,50,51,40,31,50,50,50,-1,50,50,-1,50,51,50,50,50,51,50,-1,31,51,31,-1,50,50,-1,50,-1,26,31,-1,31,-1,50,49,-1,32,50,50,50,51,50,50,50,50,31,31,50],
[27,27,46,-1,8,51,49,48,-1,42,47,-1,46,8,50,27,51,46,27,8,51,46,-1,50,51,48,50,3,42,-1,27,50,50,48,-1,48,50,-1,49,-1,48,-1,8,48,51,27,3,27,-1,48,-1,48],
[51,51,49,49,49,35,-1,49,49,49,51,-1,49,49,49,51,35,49,43,49,35,49,-1,49,35,-1,49,49,49,-1,51,49,40,49,-1,-1,49,49,-1,-1,6,49,49,25,35,51,49,51,49,-1,49,35],
[-1,-1,-1,-1,-1,-1,-1,-1,-1,-1,-1,-1,-1,-1,-1,-1,-1,-1,-1,-1,-1,-1,-1,-1,-1,-1,-1,-1,-1,-1,-1,-1,-1,-1,-1,-1,-1,-1,-1,-1,-1,-1,-1,-1,-1,-1,-1,-1,-1,-1,-1,-1],
[27,27,27,48,48,35,-1,-1,48,48,45,-1,27,27,32,27,35,27,7,48,35,27,-1,-1,35,49,32,7,27,-1,27,32,-1,-1,-1,6,32,48,6,-1,-1,7,48,7,35,43,27,45,33,6,33,49],
[27,27,27,-1,8,51,49,-1,3,42,47,-1,27,27,48,27,51,27,-1,8,51,27,-1,48,51,43,48,-1,27,-1,27,50,48,48,-1,43,50,-1,49,-1,7,-1,8,-1,51,18,27,27,-1,7,-1,43],
[21,17,17,8,-1,47,49,48,-1,-1,47,-1,13,-1,50,13,47,-1,27,-1,51,13,-1,50,51,48,50,13,-1,-1,17,50,50,48,-1,48,50,8,49,-1,48,8,-1,41,47,15,13,21,37,48,37,27],
[45,47,27,41,41,51,49,-1,41,42,45,-1,27,27,26,18,51,27,-1,41,51,27,-1,7,51,-1,23,-1,27,-1,47,50,23,-1,-1,25,50,48,25,-1,7,-1,41,-1,51,-1,18,45,-1,25,48,-1],
[47,47,47,51,51,-1,35,51,51,47,-1,-1,47,47,51,45,5,47,51,47,24,47,-1,51,-1,51,51,51,47,-1,47,51,51,51,-1,24,51,51,35,-1,35,51,47,51,-1,-1,47,10,51,35,51,24],
[-1,47,47,27,27,44,49,43,27,42,-1,-1,15,15,43,-1,44,21,-1,42,51,0,-1,43,-1,43,43,18,21,-1,47,50,43,43,-1,51,50,27,51,-1,43,18,15,-1,-1,-1,15,-1,43,43,48,-1],
[-1,0,21,-1,8,51,49,27,-1,42,47,-1,-1,12,50,-1,51,21,-1,42,51,12,-1,48,51,43,50,-1,13,-1,0,50,48,48,-1,43,50,3,49,-1,27,27,13,18,47,15,-1,-1,3,27,37,18],
[-1,-1,1,27,12,44,49,45,46,42,-1,-1,0,21,48,-1,44,1,45,42,51,0,-1,48,44,45,48,-1,17,-1,1,50,48,45,-1,51,50,27,51,-1,45,27,21,45,10,-1,-1,-1,27,45,41,45],
[27,27,27,-1,37,51,49,-1,37,42,45,-1,46,46,26,27,51,27,27,37,51,27,-1,-1,51,7,23,-1,27,-1,27,50,23,-1,-1,25,50,-1,49,-1,33,-1,37,-1,51,43,3,27,-1,7,-1,43],
[27,47,27,48,48,35,-1,-1,48,48,51,-1,27,27,26,27,35,27,7,48,35,27,-1,7,35,-1,23,7,27,-1,27,23,40,7,-1,-1,31,48,-1,-1,6,7,48,25,35,43,27,45,7,-1,48,25],
[41,41,46,37,37,51,49,48,37,42,47,-1,46,37,26,41,51,46,41,37,51,46,-1,-1,51,48,-1,41,42,-1,41,-1,23,-1,-1,48,31,-1,49,-1,33,-1,37,48,51,48,37,41,-1,48,-1,48],
[45,47,47,43,27,24,49,25,27,42,-1,-1,27,27,26,45,24,27,-1,42,-1,27,-1,25,-1,-1,25,18,27,-1,47,50,25,43,-1,-1,50,48,35,-1,49,43,27,-1,24,-1,18,45,43,25,48,-1] ]
